Age at CT,DEATH [d from CT],L1_HU_BMD,TAT Area (cm2),Total Body                Area EA (cm2),VAT Area (cm2),SAT Area (cm2),VAT/SAT     Ratio,Muscle HU, Muscle Area (cm2),L3 SMI (cm2/m2),AoCa        Agatston,Liver HU    (Median)
73,967.0,135.0,407.4639774859285,721.279362101313,212.31669793621006,199.00712945590988,1.2203939962476544,18.2,170.1,58.7,5473.6,35.0
55,359.0,192.0,485.5,694.3,183.5,302.0,0.61,16.2,124.0,48.4,2709.1,52.0
60,2351.0,149.0,289.1,584.5,144.0,145.1,0.99,30.8,212.3,69.1,2586.6,57.0
88,658.0,106.0,315.5,588.9,202.3,113.2,1.79,-3.2,168.9,47.8,431.5,53.0
82,1970.0,77.0,213.5,452.9,113.6,99.9,1.14,1.5,89.5,30.9,1600.0,49.0
86,2610.0,83.0,407.4639774859285,721.279362101313,212.31669793621006,199.00712945590988,1.2203939962476544,-11.9,46.8,18.9,0.0,56.0
84,111.0,113.0,282.2,525.2,175.9,106.3,1.65,8.4,128.8,47.3,10194.4,105.0
66,3306.0,98.0,378.8,742.0,237.0,141.7,1.67,33.5,177.5,54.6,9746.3,49.0
62,2729.0,161.0,663.6,1045.8,285.3,378.3,0.75,29.5,239.6,69.7,852.1,46.0
73,2637.0,142.0,510.8,840.1,262.0,248.8,1.05,23.3,189.3,63.4,3692.3,53.0
88,1095.0,73.0,384.3,691.8,243.0,141.3,1.72,6.2,106.7,32.8,5078.0,52.0
46,2546.0,217.0,68.6,364.6,24.2,44.4,0.54,43.1,87.4,52.223938223938255,0.0,63.0
81,477.0,102.0,215.9,482.6,78.7,137.2,0.57,14.1,111.6,52.223938223938255,5604.7,51.0
52,362.0,212.0,131.8,512.5,73.0,58.7,1.24,39.7,152.0,45.5,267.1,55.0
66,236.0,105.0,178.1,422.0,71.2,106.9,0.67,16.3,122.6,52.223938223938255,3993.9,53.55410447761194
71,1781.0,184.0,173.0,629.0,134.7,38.4,3.51,49.2,55.4,19.7,88.6,53.55410447761194
50,1812.0,200.0,373.6,651.1,175.4,198.2,0.89,36.1,156.6,54.1,24.7,21.0
91,2415.0,81.0,661.5,998.3,293.1,368.4,0.8,-4.9,70.1,30.2,4004.7,47.0
60,1352.0,140.0,643.3,966.4,325.5,317.7,1.02,26.6,144.7,56.5,2780.9,34.0
75,2448.0,128.0,507.9,711.3,204.4,303.5,0.67,10.6,124.4,50.2,742.9,38.0
88,1013.0,69.0,665.2,1020.8,374.9,290.2,1.29,-12.1,171.6,54.3,31723.9,59.0
75,1087.0,104.0,101.7,393.1,46.4,55.3,0.84,17.4,130.6,47.9,7684.9,55.0
53,975.0,113.0,555.6,907.7,194.4,361.2,0.54,28.4,211.8,55.4,0.0,39.0
79,1966.0,141.0,588.8,900.3,320.8,268.0,1.2,9.2,165.9,49.6,17782.0,61.0
67,2351.0,99.0,471.6,780.3,471.6,140.8,3.35,23.0,191.5,57.3,10147.4,59.0
56,1546.0,101.0,106.1,438.1,58.8,47.3,1.24,38.7,144.5,43.2,217.9,65.0
68,1132.0,143.0,463.5,799.7,329.5,134.0,2.46,29.3,117.5,32.4,6632.3,62.0
65,2478.0,126.0,488.5,761.1,174.3,314.2,0.55,17.2,138.8,52.5,172.0,63.0
83,714.0,113.0,225.4,551.9,166.2,59.3,2.8,18.2,147.8,52.6,3856.2,48.0
66,4292.0,140.0,295.4,483.6,120.0,175.4,0.68,20.5,95.1,36.0,2257.2,62.0
54,890.0,176.0,230.8,490.8,134.4,96.3,1.4,32.7,155.5,46.5,8998.3,54.0
70,3116.0,175.0,813.4,1110.5,436.0,377.3,1.16,11.5,195.8,65.6,1628.0,45.0
87,1973.0,56.0,407.4639774859285,721.279362101313,212.31669793621006,199.00712945590988,1.2203939962476544,5.5,74.8,25.8,6791.5,62.0
85,1835.0,144.0,251.4,683.5,163.8,87.6,1.87,19.2,98.9,32.2,432.6,57.0
51,1282.0,185.0,370.3,689.1,111.1,259.2,0.43,34.4,173.5,63.6,0.0,58.0
80,74.0,208.0,23.5,366.1,14.0,9.5,1.49,34.2,38.3,17.1,0.0,64.0
80,2768.0,139.0,402.2,810.5,287.5,114.7,2.51,13.9,142.3,52.223938223938255,1738.5,50.0
60,3587.0,177.0,521.2,862.8,263.9,257.3,1.03,30.4,203.4,77.0,336.9,58.0
43,2523.0,183.0,37.9,358.9,25.4,12.5,2.03,29.4,131.7,52.223938223938255,782.9,60.0
53,1421.0,160.0,249.6,485.5,168.7,80.9,2.08,11.9,110.7,40.6,63.6,54.0
37,2569.0,127.0,236.8,357.7,116.0,120.9,0.96,35.1,62.5,25.2,93.0,65.0
59,2498.0,162.0,544.3,868.1,330.9,213.3,1.55,29.7,219.0,65.5,1690.3,38.0
50,1432.0,189.0,161.7,491.4,99.4,62.3,1.6,33.8,185.5,66.0,751.7,55.0
63,2183.0,237.0,525.5,945.0,270.2,255.4,1.06,17.5,227.7,81.0,6022.6,36.0
51,1354.0,230.0,450.4,796.6,201.9,248.4,0.81,19.1,200.7,60.0,12694.5,27.0
88,4163.0,87.0,277.6,510.1,172.2,105.4,1.63,5.1,121.7,44.6,11540.7,60.0
73,3017.0,165.0,569.5,905.1,384.6,184.9,2.08,15.6,179.5,77.3,1868.7,52.0
62,3837.0,99.0,338.5,630.8,188.4,150.1,1.25,33.6,168.9,47.8,957.2,57.0
67,977.0,178.0,271.3,537.2,174.0,97.3,1.79,6.5,141.1,42.2,5438.7,65.0
60,2114.0,115.0,520.1,847.8,350.1,170.0,2.06,33.3,223.1,63.2,81.1,35.0
75,1008.0,140.0,290.4,622.4,204.1,86.3,2.37,35.8,187.1,59.2,13266.5,50.0
61,1652.0,139.0,350.4,554.7,182.7,167.7,1.09,20.0,111.8,45.1,850.2,15.0
74,2616.0,160.0,405.0,763.2,246.5,158.5,1.56,35.7,192.1,64.4,734.8,54.0
79,978.0,128.0,269.4,569.7,189.5,79.9,2.37,15.0,123.3,40.1,1185.7,56.0
72,2280.0,99.0,922.8,1280.0,507.7,415.0,1.22,6.4,193.3,64.8,2140.0,49.0
71,2478.0,138.0,604.6,835.8,341.5,263.1,1.3,11.8,142.1,50.6,60.2,61.0
59,1571.0,179.0,345.3,737.9,221.4,123.9,1.79,41.1,200.0,63.3,5122.1,25.0
67,170.0,108.0,572.6,971.6,235.3,337.3,0.7,5.9,189.7,56.7,1199.6,50.0
65,3475.0,79.0,208.9,496.7,90.3,118.5,0.76,16.7,100.9,39.4,185.2,54.0
83,40.0,103.0,170.6,464.6,116.9,53.8,2.17,-5.1,103.5,44.5,7476.6,59.0
95,1223.0,90.0,421.0,716.4,320.9,100.0,3.21,10.1,161.1,52.223938223938255,2207.8,56.0
64,4205.0,134.0,418.7,746.4,298.7,120.0,2.49,19.5,182.3,64.9,833.2,57.0
64,4072.0,115.0,417.2,877.7,258.6,158.6,1.63,22.7,145.1,37.0,0.0,56.0
66,222.0,111.0,295.0,497.1,171.2,123.8,1.38,49.1,80.2,29.4,0.0,53.55410447761194
50,537.0,154.0,257.3,538.2,138.3,119.0,1.16,29.0,176.0,57.3,784.8,58.0
65,2982.0,154.0,396.6,669.1,178.4,218.1,0.82,30.7,168.6,58.2,1950.7,50.0
63,322.0,144.0,525.3,808.9,262.0,263.2,1.0,31.7,134.9,41.5,2283.7,52.0
77,2991.0,114.0,438.2,715.5,245.3,192.9,1.27,29.8,149.7,44.8,2438.6,51.0
68,3696.0,118.0,941.8,1376.8,605.4,336.4,1.8,-0.7,194.0,65.0,1025.5,50.0
66,3071.0,82.0,583.8,916.1,429.3,154.5,2.78,8.7,175.1,50.9,1627.3,58.0
67,1693.0,104.0,58.4,321.8,31.1,27.3,1.14,26.4,104.4,43.5,732.6,64.0
65,3347.0,128.0,533.2,897.1,351.6,181.6,1.94,20.4,239.8,71.7,0.0,58.0
68,1020.0,129.0,321.4,549.8,143.2,178.2,0.8,26.8,91.3,36.8,310.9,60.0
66,1530.0,166.0,210.5,480.7,65.8,144.7,0.45,25.7,117.1,41.7,290.5,63.0
80,1926.0,138.0,594.1,839.5,212.7,381.4,0.56,-9.3,133.6,53.9,939.5,39.0
50,2335.0,155.0,322.3,636.2,214.2,108.2,1.98,36.5,167.7,51.6,1401.9,61.0
74,2845.0,81.0,390.9,658.8,202.5,188.4,1.07,3.3,186.2,57.3,5865.6,56.0
79,2229.0,182.0,368.1,592.3,127.8,240.3,0.53,13.7,116.8,47.1,849.8,58.0
87,490.0,210.0,429.3,644.0,214.9,214.4,1.0,0.5,110.9,42.0,1679.4,61.0
59,1746.0,164.0,838.7,1087.3,271.8,566.9,0.48,34.3,150.5,57.0,824.2,55.0
85,766.0,89.0,515.6,725.9,278.6,237.0,1.18,11.0,123.0,46.6,13387.9,48.0
62,2162.0,140.0,721.7,1631.8,660.6,61.0,10.83,-3.0,71.6,19.2,47.0,48.0
77,516.0,203.0,777.4,1078.6,293.6,483.9,0.61,-4.9,126.4,81.6,128.7,53.0
42,362.0,231.0,316.0,876.0,219.3,96.7,2.27,34.7,203.2,64.3,40.4,40.0
63,2938.0,164.0,578.9,950.6,214.6,364.3,0.59,30.4,245.4,82.2,392.1,41.0
55,5070.0,201.0,640.8,938.8,305.9,334.9,0.91,29.5,142.3,49.1,0.0,30.0
84,3436.0,134.0,260.2,730.7,172.7,87.5,1.97,26.1,225.8,75.7,2425.9,50.0
67,4228.0,150.93394495412844,348.7,524.6,116.8,231.9,0.5,37.2,161.4,65.1,0.0,53.55410447761194
57,5059.0,183.0,635.4,1101.9,320.8,314.6,1.02,28.2,280.4,86.2,314.4,31.0
54,2075.0,165.0,307.6,620.3,179.9,127.7,1.41,23.3,200.8,76.0,8724.8,57.0
75,1206.0,170.0,164.6,369.8,50.3,114.2,0.44,7.6,96.0,36.3,4635.8,60.0
74,3453.0,139.0,425.8,804.9,303.4,122.4,2.48,30.1,180.1,57.0,9584.7,57.0
56,4965.0,130.0,489.8,808.4,277.8,212.0,1.31,38.8,198.4,70.6,249.3,45.0
90,1631.0,138.0,408.1,630.2,201.7,206.4,0.98,2.3,99.6,40.2,4095.6,59.0
56,840.0,175.0,378.3,683.5,248.1,130.2,1.91,21.4,161.7,54.2,411.3,62.0
75,2625.0,126.0,221.9,725.7,133.3,88.6,1.5,23.3,130.8,37.0,4953.0,53.0
60,4364.0,220.0,221.5,575.0,131.8,89.7,1.47,43.4,209.7,70.3,0.0,53.0
58,3860.0,133.0,560.8,939.9,276.0,284.8,0.97,11.2,195.1,61.7,126.5,45.0
75,1524.0,69.0,507.9,831.6,287.7,220.1,1.31,13.7,210.0,90.4,2987.9,60.0
69,4664.0,137.0,162.0,366.7,54.8,107.2,0.51,16.1,126.1,50.8,215.2,59.0
87,3757.0,145.0,250.1,462.7,70.0,180.1,0.39,16.0,110.3,49.1,1137.3,70.0
69,3512.0,128.0,296.0,473.6,104.1,191.8,0.54,29.1,92.5,32.9,411.0,59.0
68,533.0,152.0,331.4,550.6,136.5,194.9,0.7,22.0,114.9,44.9,3523.6,58.0
51,1670.0,211.0,453.7,739.5,217.4,236.3,0.92,44.1,202.0,62.1,0.0,47.0
79,968.0,127.0,484.1,864.1,231.6,252.5,0.92,6.2,198.3,62.7,1708.0,56.0
73,4515.0,133.0,354.8,662.8,200.0,154.8,1.29,33.7,192.5,60.9,203.7,54.0
51,998.0,204.0,485.3,1060.0,304.2,181.1,1.68,16.0,96.1,28.0,209.1,28.0
64,3855.0,158.0,411.3,705.7,258.0,153.3,1.68,41.4,207.8,62.1,385.5,43.0
68,3917.0,146.0,526.5,856.3,259.8,266.7,0.97,15.2,140.8,53.3,12842.6,57.0
80,4610.0,96.0,233.5,506.4,93.9,139.6,0.67,29.7,146.8,61.2,6569.8,60.0
57,643.0,119.0,365.1,632.1,97.5,267.6,0.36,20.9,137.7,49.0,80.1,58.0
56,4445.0,190.0,651.4,924.0,206.0,445.5,0.46,12.1,152.4,57.7,1990.6,56.0
74,3589.0,144.0,454.8,748.7,216.8,238.0,0.91,31.2,174.0,61.9,4960.5,55.0
57,4561.0,180.0,821.8,1073.6,334.5,487.3,0.69,25.2,167.7,61.5,162.6,40.0
58,2868.0,172.0,521.0,820.0,385.4,135.6,2.84,21.5,160.1,46.6,281.5,58.0
60,3573.0,150.0,345.6,713.2,164.5,181.1,0.91,35.6,194.7,63.4,1284.9,51.0
54,1141.0,175.0,152.9,520.4,48.1,104.8,0.46,45.1,214.6,64.2,32.3,61.0
84,822.0,115.0,407.4639774859285,721.279362101313,212.31669793621006,199.00712945590988,1.2203939962476544,22.4,163.6,51.7,974.1,54.0
53,3908.0,268.0,468.3,737.6,199.1,269.2,0.74,15.6,156.7,55.8,742.1,45.0
51,4875.0,222.0,257.1,518.3,41.0,216.2,0.19,-3.6,134.3,46.4,9.2,52.0
50,84.0,197.0,633.6,988.4,376.2,257.5,1.46,54.1,187.5,54.5,0.0,53.55410447761194
52,4267.0,161.0,345.9,636.4,190.1,155.8,1.22,35.9,179.3,58.4,162.7,64.0
74,4414.0,229.0,467.9,696.1,186.6,281.2,0.66,12.6,138.4,52.4,537.4,57.0
67,592.0,236.0,338.0,575.5,78.6,259.4,0.3,22.8,124.2,50.1,113.0,61.0
73,3836.0,104.0,378.7,700.8,378.7,159.7,2.37,31.3,179.1,53.5,2224.1,56.0
67,90.0,184.0,343.8,635.7,188.2,155.6,1.21,38.2,165.5,57.2,8125.4,59.0
75,4419.0,109.0,496.7,824.6,284.3,212.5,1.34,26.5,184.0,61.7,5837.1,54.0
59,2956.0,120.0,563.1,834.5,223.7,339.4,0.66,6.9,174.7,62.2,106.2,48.0
72,1734.0,163.0,357.9,631.9,66.2,291.7,0.23,8.2,121.0,48.8,131.3,62.0
55,1351.0,149.0,239.5,603.2,125.7,113.7,1.11,37.0,201.2,65.5,0.0,65.0
66,4364.0,67.0,166.8,387.8,69.3,97.5,0.71,22.3,118.8,41.0,1949.4,60.0
55,3640.0,163.0,949.8,1273.9,465.4,484.4,0.96,0.5,214.9,74.2,0.0,52.0
58,4069.0,184.0,699.5,971.4,358.4,341.1,1.05,11.2,129.1,50.4,48.4,51.0
68,4260.0,97.0,248.7,562.5,109.1,139.6,0.78,31.0,226.4,69.6,117.7,56.0
62,3689.0,119.0,189.6,559.0,91.3,98.3,0.93,37.4,186.9,57.5,1056.5,57.0
62,3367.0,160.0,407.4639774859285,721.279362101313,212.31669793621006,199.00712945590988,1.2203939962476544,31.3,165.7,57.2,17.3,40.0
70,4598.0,95.0,182.3,465.0,67.1,115.2,0.58,17.0,114.6,47.8,814.9,65.0
52,4530.0,161.0,380.1,725.0,286.8,93.4,3.07,30.2,233.9,68.0,5070.4,28.0
55,1011.0,152.0,101.2,426.8,27.3,73.9,0.37,36.6,102.8,35.5,872.6,58.0
58,2618.0,194.0,258.7,628.5,175.5,83.2,2.11,28.2,162.4,43.6,0.0,60.0
65,4794.0,106.0,336.5,574.2,119.4,217.1,0.55,26.3,130.8,46.5,2070.5,60.0
50,3898.0,230.0,536.5,854.5,252.7,283.8,0.89,41.5,197.0,70.1,0.0,57.0
65,1835.0,203.0,536.6,928.0,354.8,181.9,1.95,25.4,188.3,67.0,1399.9,55.0
85,4005.0,103.0,311.8,561.6,208.5,103.3,2.02,27.8,149.4,48.6,1944.1,63.0
61,601.0,107.0,419.2,689.0,240.5,178.6,1.35,38.1,176.8,59.3,1262.8,58.0
58,3170.0,186.0,267.2,652.0,153.7,113.5,1.35,31.1,212.5,67.2,915.4,43.0
71,1566.0,148.0,724.4,1030.0,439.2,285.3,1.54,23.8,190.9,64.0,6394.6,49.0
53,1634.0,179.0,992.2,1449.9,540.4,451.8,1.2,-0.3,210.8,85.0,1083.7,41.0
68,4754.0,209.0,374.0,623.1,131.5,242.5,0.54,11.7,108.5,42.4,2059.6,60.0
65,3045.0,93.0,445.7,634.1,74.6,371.1,0.2,20.8,121.5,46.0,905.9,48.0
61,4664.0,128.0,294.1,501.9,100.9,193.2,0.52,31.7,117.7,46.0,0.0,66.0
62,4484.0,110.0,403.5,642.5,223.0,180.5,1.24,1.4,124.6,41.8,569.8,65.0
61,4262.0,151.0,205.3,494.9,84.9,120.3,0.71,32.1,152.9,48.4,388.1,58.0
56,4082.0,197.0,402.1,600.9,146.0,256.1,0.57,29.4,128.0,50.0,301.9,56.0
61,826.0,138.0,544.0,790.9,225.8,318.2,0.71,22.2,126.7,47.9,832.5,54.0
85,2614.0,100.0,415.5,655.1,183.4,232.0,0.79,17.1,135.1,54.5,2676.1,57.0
61,2058.0,207.0,380.3,594.7,166.6,213.7,0.78,29.8,117.2,50.5,5148.4,62.0
63,3055.0,163.0,456.4,677.4,184.2,272.2,0.68,23.5,153.2,56.2,394.8,59.0
64,2923.0,177.0,336.6,605.9,336.6,132.2,2.55,36.5,153.3,48.5,8724.6,62.0
61,4569.0,261.0,557.4,997.2,356.4,201.0,1.77,28.3,92.3,28.4,951.0,54.0
70,4270.0,114.0,328.4,676.2,133.4,195.0,0.68,31.1,201.3,71.6,1992.9,52.0
59,2233.0,185.0,600.2,956.5,415.2,185.0,2.24,33.8,273.3,89.0,750.3,45.0
82,863.0,73.0,161.0,403.0,68.4,92.7,0.74,13.5,113.1,45.6,8479.7,62.0
59,1171.0,92.0,336.4,675.1,187.4,149.0,1.26,17.7,218.3,73.2,798.9,62.0
65,2995.0,206.0,575.4,860.2,377.7,197.7,1.91,29.4,155.5,57.1,917.2,63.0
56,3444.0,124.0,825.2,1108.6,312.3,513.0,0.61,18.0,184.6,76.9,2792.1,51.0
58,3623.0,216.0,190.4,445.0,61.0,129.4,0.47,24.0,124.7,41.8,0.0,60.0
84,2314.0,128.0,402.2,789.9,253.7,148.6,1.71,2.6,158.1,48.6,8187.3,48.0
57,2162.0,125.0,234.6,571.7,86.5,148.1,0.58,37.4,219.9,67.6,0.0,60.0
56,2007.0,161.0,576.3,823.9,216.5,359.8,0.6,15.7,126.1,52.5,2488.2,23.0
76,3733.0,145.0,287.9,539.8,91.2,196.7,0.46,9.8,109.3,41.4,557.4,58.0
76,3914.0,164.0,766.7,1079.5,527.3,239.4,2.2,9.4,217.3,70.7,1100.0,51.0
68,3654.0,263.0,466.1,749.3,219.0,247.2,0.89,18.3,127.3,42.7,150.2,59.0
68,4052.0,109.0,58.6,448.6,39.9,18.7,2.14,35.8,161.4,44.5,1843.5,26.0
60,2037.0,96.0,658.5,881.0,323.5,335.0,0.97,16.7,106.8,44.5,6864.8,63.0
50,4176.0,161.0,438.4,682.4,84.6,353.8,0.24,12.7,149.2,47.2,119.3,62.0
78,1687.0,110.0,439.3,679.0,146.2,293.1,0.5,22.6,120.2,41.5,9060.6,63.0
75,3952.0,83.0,204.9,477.5,66.4,138.5,0.48,31.5,113.0,48.7,3800.2,62.0
56,4139.0,159.0,298.1,577.7,174.4,123.7,1.41,35.6,176.6,52.8,0.0,60.0
77,3426.0,118.0,446.0,703.1,265.5,180.5,1.47,25.1,156.9,55.8,2291.3,55.0
58,2681.0,103.0,280.0,549.7,133.9,146.1,0.92,32.6,159.0,50.3,4786.5,58.0
58,4496.0,80.0,402.1,710.8,151.6,250.5,0.61,17.8,175.2,47.0,2231.8,63.0
52,3923.0,205.0,658.2,1134.1,475.7,182.5,2.61,35.3,269.9,74.4,4248.0,25.0
60,3322.0,186.0,536.4,823.7,171.0,365.4,0.47,26.2,165.7,57.2,403.4,63.0
58,3171.0,174.0,303.6,581.7,222.4,81.1,2.74,32.7,174.7,62.2,415.0,66.0
50,3721.0,145.0,118.8,453.5,48.4,70.4,0.69,38.6,160.5,44.2,0.0,59.0
51,755.0,138.0,444.6,823.2,212.6,232.0,0.92,19.8,228.7,79.0,0.0,59.0
62,2512.0,147.0,355.9,644.8,148.2,207.7,0.71,36.9,142.5,52.3,0.0,64.0
58,3166.0,178.0,417.2,661.0,157.8,259.4,0.61,17.8,120.0,41.4,53.2,48.0
70,3586.0,115.0,506.2,867.5,357.4,148.8,2.4,24.9,180.7,55.5,892.1,58.0
60,4334.0,226.0,647.6,1398.0,397.2,250.4,1.59,53.4,244.4,75.1,346.9,39.0
53,1077.0,177.0,407.4639774859285,721.279362101313,212.31669793621006,199.00712945590988,1.2203939962476544,25.5,182.1,62.9,0.0,27.0
53,4375.0,120.0,148.6,441.2,72.5,76.1,0.95,28.1,83.2,30.5,0.0,42.0
76,3949.0,101.0,545.2,869.5,396.3,148.9,2.66,35.0,191.4,58.8,5881.2,57.0
49,3479.0,191.0,666.4,919.9,257.6,408.8,0.63,21.8,166.8,63.1,1194.6,53.0
50,2930.0,181.0,211.6,442.7,55.3,156.3,0.35,33.5,120.3,47.0,0.0,62.0
57,485.0,163.0,255.4,516.5,58.7,196.7,0.3,27.6,151.2,57.2,33.5,59.0
66,3930.0,121.0,401.9,662.7,176.9,224.9,0.79,7.1,130.1,47.7,1464.5,63.0
59,3084.0,107.0,933.9,1266.1,554.8,379.0,1.46,18.8,189.8,81.7,1609.6,62.0
64,4257.0,119.0,637.1,843.8,237.1,400.0,0.59,22.9,128.5,48.6,13.6,30.0
68,3474.0,208.0,721.0,960.6,269.3,451.7,0.6,5.8,85.6,35.7,4670.0,37.0
57,3241.0,116.0,159.3,448.1,85.0,74.3,1.14,42.5,168.6,54.9,1267.1,62.0
62,1820.0,269.0,347.8,671.0,165.5,182.3,0.91,-118.3,102.3,34.3,0.0,53.55410447761194
74,2110.0,122.0,425.7,650.4,168.8,256.9,0.66,34.3,133.1,55.5,1151.1,57.0
56,2195.0,171.0,446.2,710.7,128.4,317.8,0.4,28.8,149.5,53.2,924.2,60.0
67,3190.0,105.0,625.9,874.5,316.0,309.9,1.02,15.3,139.9,52.9,2071.5,43.0
56,401.0,126.0,264.9,593.5,122.1,142.7,0.86,32.8,190.3,60.2,656.4,61.0
61,1568.0,160.0,495.0,834.9,232.5,262.5,0.89,38.3,216.4,66.6,3200.5,57.0
50,2651.0,237.0,790.1,1104.4,359.7,430.4,0.84,16.8,192.5,75.2,0.0,22.0
68,3047.0,101.0,814.8,1121.3,469.7,345.1,1.36,25.7,188.0,66.9,4372.8,58.0
59,2479.0,220.0,428.6,831.9,238.3,190.3,1.25,28.9,220.0,64.0,2176.2,41.0
54,1554.0,102.0,816.7,1232.5,372.3,444.5,0.84,20.2,200.3,67.1,6396.4,57.0
59,2821.0,224.0,544.1,887.1,195.3,348.8,0.56,33.5,234.2,70.0,0.0,69.0
57,352.0,160.0,213.2,421.0,73.5,139.6,0.53,23.9,100.6,39.3,1362.3,56.0
54,4013.0,207.0,568.3,828.6,205.0,363.3,0.56,21.6,140.5,62.5,97.2,61.0
83,1727.0,91.0,183.2,415.2,63.9,119.3,0.54,17.2,109.8,40.3,5108.1,62.0
53,2897.0,226.0,549.1,798.8,169.0,380.1,0.44,30.7,148.2,54.4,259.4,53.0
50,4130.0,207.0,837.7,1289.1,608.9,228.7,2.66,14.4,274.6,89.4,0.0,59.0
67,3723.0,181.0,327.4,645.9,185.4,142.0,1.31,22.8,179.9,60.3,491.7,55.0
57,3776.0,159.0,43.7,346.4,25.0,18.7,1.34,38.7,95.9,31.2,0.0,58.0
53,1794.0,123.0,531.3,836.5,193.3,338.1,0.57,27.7,131.3,51.3,371.5,46.0
53,3293.0,154.0,529.1,811.6,132.3,396.8,0.33,5.3,178.1,69.5,96.8,61.0
79,3042.0,150.0,158.0,495.7,158.0,60.4,2.62,20.82252747252746,150.8637362637363,52.223938223938255,190.6,56.0
63,2133.0,117.0,269.1,533.4,269.1,184.7,1.46,27.5,104.4,43.5,362.5,57.0
56,1401.0,151.0,128.3,432.0,69.0,59.2,1.16,40.9,122.9,37.8,4527.8,56.0
60,4090.0,193.0,376.6,714.8,177.5,199.1,0.89,45.0,213.3,73.6,0.0,50.0
66,3923.0,145.0,749.7,1091.3,499.6,250.1,2.0,29.1,237.8,71.1,323.4,56.0
65,922.0,173.0,452.6,720.6,180.4,272.3,0.66,20.9,141.7,46.1,0.0,58.0
63,102.0,179.0,407.4639774859285,721.279362101313,212.31669793621006,199.00712945590988,1.2203939962476544,26.7,199.8,71.1,0.0,53.55410447761194
87,3600.0,117.0,179.9,399.8,50.6,129.3,0.39,23.8,96.3,36.5,661.0,63.0
52,1415.0,177.0,682.1,1163.8,278.8,403.3,0.69,31.7,76.9,27.4,105.2,55.0
55,42.0,233.0,28.1,477.7,15.3,12.8,1.19,40.2,88.5,31.5,20.5,58.0
60,3807.0,154.0,213.4,529.4,84.2,129.2,0.65,44.6,163.0,54.6,0.0,67.0
58,3694.0,206.0,407.4639774859285,721.279362101313,212.31669793621006,199.00712945590988,1.2203939962476544,47.2,193.2,70.9,0.0,53.55410447761194
73,1493.0,116.0,654.8,1043.7,455.4,199.5,2.28,12.6,206.9,63.6,4432.9,50.0
77,3769.0,122.0,353.6,602.6,156.6,197.0,0.8,9.4,125.0,44.5,352.2,57.0
88,2461.0,81.0,265.7,468.7,119.9,145.8,0.82,3.7,102.3,48.8,3470.8,56.0
51,2298.0,219.0,531.1,836.8,299.5,231.6,1.29,11.7,182.2,66.8,656.2,46.0
47,1518.0,128.0,654.5,952.0,166.4,488.1,0.34,22.2,175.3,62.4,438.5,60.0
50,2449.0,201.0,183.1,517.5,70.9,112.2,0.63,50.2,172.2,54.5,0.0,64.0
61,2463.0,138.0,395.9,669.6,99.7,296.2,0.34,26.5,130.1,46.3,324.3,64.0
64,998.0,173.0,426.6,718.8,255.3,171.4,1.49,23.9,187.9,59.5,5172.7,59.0
51,1368.0,215.0,128.7,397.2,33.3,95.3,0.35,39.7,120.0,45.4,0.0,66.0
70,3611.0,221.0,784.8,1208.8,390.0,394.8,0.99,6.6,227.9,76.4,472.2,55.0
59,2340.0,217.0,429.9,812.5,243.3,186.5,1.3,51.2,229.1,70.5,478.2,62.0
61,2510.0,174.0,377.9,704.6,235.9,142.1,1.66,22.1,127.7,38.2,77.0,43.0
58,1689.0,136.0,603.5,968.8,257.7,345.8,0.75,21.1,254.3,80.4,1008.2,69.0
76,1477.0,160.0,194.3,527.3,106.7,87.6,1.22,15.2,40.3,12.0,8962.9,60.0
60,1250.0,137.0,265.7,673.5,131.0,134.7,0.97,30.4,103.7,52.223938223938255,590.1,49.0
63,1533.0,136.0,563.7,860.6,306.3,257.4,1.19,12.0,141.6,50.4,4.5,57.0
51,1721.0,267.0,328.2,606.4,90.0,238.2,0.38,43.9,148.6,59.9,0.0,58.0
59,1272.0,187.0,660.8,1004.2,256.7,404.1,0.64,-4.0,152.8,61.6,283.3,53.0
75,3567.0,183.0,335.3,584.9,107.8,227.5,0.47,16.9,101.5,39.7,292.1,71.0
77,3223.0,82.0,389.8,607.2,189.4,200.4,0.95,16.2,125.8,54.2,696.6,59.0
62,1970.0,194.0,245.5,436.2,111.2,134.4,0.83,17.6,102.3,39.9,0.0,63.0
66,850.0,142.0,180.9,408.9,85.6,95.3,0.9,0.1,68.2,24.3,21.4,44.0
56,2216.0,172.0,831.5,1223.5,491.6,339.9,1.45,30.9,247.8,78.4,378.2,44.0
53,3428.0,150.93394495412844,506.7,856.8,387.5,119.2,3.25,-6.7,150.8,47.7,45.0,67.0
69,3239.0,165.0,358.8,644.1,214.0,144.8,1.48,40.8,150.3,48.9,809.1,58.0
57,987.0,206.0,517.9,903.6,319.8,198.1,1.61,36.2,242.8,72.6,464.3,57.0
81,1483.0,101.0,492.6,841.4,203.8,288.8,0.71,10.4,174.0,53.5,9442.5,58.0
60,3060.0,166.0,705.6,1405.7,613.7,91.9,6.68,-2.0,205.7,59.8,32.7,26.0
50,1975.0,229.0,297.9,590.8,54.1,243.8,0.22,41.0,139.6,49.7,31.5,61.0
78,1715.0,128.0,371.0,728.4,175.8,195.3,0.9,7.6,152.8,56.1,3512.3,67.0
52,665.0,188.0,492.2,834.1,317.7,174.5,1.82,27.5,236.7,105.4,2416.9,55.0
56,2178.0,162.0,373.3,738.9,373.3,171.1,2.18,47.1,229.0,74.6,274.2,43.0
60,2927.0,207.0,328.7,553.4,134.1,194.6,0.69,-8.3,97.5,39.3,392.6,-13.0
62,1531.0,150.0,400.4,757.6,252.6,147.8,1.71,25.7,209.8,62.7,3008.8,48.0
56,2630.0,172.0,353.8,646.8,171.4,182.5,0.94,35.4,175.8,52.6,58.4,63.0
82,229.0,94.0,487.4,794.4,270.6,216.9,1.25,20.9,186.5,51.4,6585.9,55.0
69,2509.0,148.0,729.6,1139.8,729.6,202.1,3.61,22.0,198.6,62.8,426.9,44.0
64,2520.0,119.0,173.3,376.4,53.6,119.7,0.45,9.3,114.1,49.1,5580.3,48.0
70,1903.0,96.0,481.3,774.3,267.4,213.9,1.25,8.1,187.0,59.2,8378.3,63.0
65,2176.0,88.0,498.0,756.5,317.8,180.2,1.76,30.1,163.9,60.1,5938.6,15.0
62,3033.0,128.0,437.1,675.7,117.2,319.8,0.37,9.4,134.2,55.9,842.6,59.0
60,400.0,152.0,674.0,927.6,250.4,423.6,0.59,1.1,161.9,55.9,8984.7,41.0
78,4411.0,173.0,553.1,821.5,233.3,319.8,0.73,2.7,175.7,58.9,1654.9,48.0
79,2392.0,97.0,189.8,486.5,85.2,104.6,0.82,22.8,140.3,53.1,8104.6,53.0
68,3927.0,155.0,643.3,1132.4,334.1,309.2,1.08,5.9,224.5,73.1,8461.8,50.0
86,4748.0,55.0,328.3,512.6,115.4,212.9,0.54,1.0,75.9,31.6,22207.4,54.0
66,2082.0,171.0,508.7,865.5,193.7,315.1,0.61,16.8,185.5,66.0,4454.7,49.0
64,908.0,118.0,110.8,469.3,71.5,39.3,1.82,39.4,74.9,22.4,4148.5,51.0
73,4125.0,142.0,626.7,957.7,376.0,250.7,1.5,-7.7,121.3,48.9,2845.3,45.0
50,3599.0,171.0,391.5,644.6,99.4,292.1,0.34,17.4,100.7,39.3,70.4,54.0
61,1210.0,153.0,766.3,1119.1,421.6,344.6,1.22,18.2,201.4,67.5,5406.6,54.0
52,4075.0,151.0,250.8,463.5,52.0,198.8,0.26,37.2,120.5,52.223938223938255,1532.4,56.0
84,3677.0,66.0,397.3,615.8,397.3,191.0,2.08,-12.1,142.6,57.5,1486.3,45.0
79,1608.0,182.0,446.9,729.9,375.0,72.0,5.21,23.5,133.3,44.7,0.0,52.0
54,1929.0,151.0,570.9,915.1,350.2,220.6,1.59,29.3,238.5,52.223938223938255,424.0,43.0
73,3851.0,112.0,350.3,670.3,145.5,204.8,0.71,18.3,178.7,61.7,2971.6,57.0
71,4407.0,123.0,708.4,1115.1,406.2,302.2,1.34,6.5,147.6,63.5,1249.8,53.0
76,4815.0,99.0,488.6,903.7,299.6,188.9,1.59,15.8,201.1,60.1,385.3,63.0
69,3453.0,123.0,380.6,795.6,267.6,113.1,2.37,41.9,162.0,48.4,3364.0,56.0
72,3294.0,116.0,147.6,414.0,82.0,65.6,1.25,8.3,105.1,42.4,397.7,46.0
78,538.0,73.0,163.6,328.2,163.6,106.8,1.53,22.1,108.6,36.4,4473.6,54.0
73,51.0,126.0,231.1,505.8,105.5,125.7,0.84,18.8,152.5,52.223938223938255,6941.7,47.0
51,2809.0,96.0,420.7,780.9,295.6,125.1,2.36,26.8,197.9,52.223938223938255,264.4,55.0
70,1530.0,137.0,360.4,723.8,176.7,183.7,0.96,10.7,173.9,52.223938223938255,3715.8,52.0
77,1761.0,172.0,630.1,1112.5,630.1,276.8,2.28,16.3,204.0,52.223938223938255,2362.4,29.0
52,2244.0,186.0,386.0,742.1,215.3,170.6,1.26,30.6,195.3,52.223938223938255,5.5,48.0
64,594.0,130.0,344.3,631.0,128.7,215.6,0.6,10.9,118.2,38.5,0.0,59.0
63,1722.0,170.0,385.2,664.5,180.9,204.3,0.89,28.3,159.2,49.0,318.4,71.0
64,2348.0,139.0,272.9,499.3,83.7,189.2,0.44,25.5,104.6,39.6,0.0,71.0
66,752.0,87.0,547.4,927.2,321.3,226.2,1.42,24.1,193.1,61.1,5373.9,63.0
52,133.0,120.0,112.5,506.1,57.7,54.8,1.05,21.6,48.1,14.4,12.9,59.0
52,3860.0,156.0,516.6,924.8,331.4,185.1,1.79,24.6,236.6,70.7,312.5,50.0
67,593.0,162.0,119.2,572.7,69.1,50.1,1.38,26.9,169.4,53.6,4692.2,61.0
95,2836.0,87.0,184.9,558.5,84.1,100.9,0.83,-1.2,73.4,26.1,3054.2,51.0
66,2018.0,179.0,663.3,985.4,410.0,253.2,1.62,-13.8,124.5,45.7,4864.5,57.0
78,3665.0,107.0,398.2,649.8,217.5,180.7,1.2,32.6,132.9,44.5,1542.6,62.0
73,2993.0,172.0,162.5,454.4,72.1,90.4,0.8,22.3,127.8,52.223938223938255,566.8,55.0
86,2673.0,185.0,342.3,640.1,186.1,156.2,1.19,25.8,129.8,54.1,2833.8,56.0
79,3230.0,149.0,350.4,598.7,199.4,151.0,1.32,23.1,79.4,31.0,10382.7,55.0
79,1951.0,208.0,305.0,695.9,166.9,138.1,1.21,20.3,148.8,52.223938223938255,6790.6,52.0
62,577.0,76.0,628.9,987.4,342.8,286.0,1.2,-13.0,151.6,52.223938223938255,4389.0,34.0
61,1889.0,196.0,221.0,442.4,69.7,151.3,0.46,31.3,110.2,39.2,214.0,68.0
63,3502.0,273.0,443.4,731.1,161.0,282.4,0.57,20.5,151.2,53.8,9638.0,62.0
85,2666.0,106.0,935.7,1286.3,577.8,357.9,1.61,5.8,185.1,62.1,14013.9,48.0
77,409.0,78.0,236.1,507.6,134.3,101.7,1.32,8.9,137.7,52.1,0.0,51.0
56,424.0,125.0,155.2,446.2,53.3,101.9,0.52,20.8,94.2,33.5,95.8,45.0
78,1531.0,90.0,557.0,890.8,268.3,288.7,0.93,12.5,124.5,47.1,8635.3,54.0
49,2017.0,138.0,160.8,541.2,160.8,71.0,2.26,31.4,141.9,53.7,178.2,55.0
63,2359.0,163.0,823.4,1398.0,647.9,175.5,3.69,8.5,199.6,63.1,1085.9,46.0
87,3113.0,94.0,265.4,504.1,265.4,155.2,1.71,2.2,61.1,23.1,6981.4,60.0
43,1920.0,273.0,143.8,603.9,63.5,80.3,0.79,20.82252747252746,150.8637362637363,52.223938223938255,0.0,53.55410447761194
67,2225.0,79.0,386.9,671.3,173.2,213.7,0.81,8.9,185.5,62.2,9404.2,61.0
76,754.0,150.93394495412844,439.6,636.0,229.5,210.1,1.09,74.0,27.9,10.9,535.9,68.0
92,3192.0,63.0,234.3,522.0,130.2,104.1,1.25,19.7,119.3,46.6,673.8,64.0
67,2284.0,176.0,514.6,823.9,248.8,265.8,0.94,19.0,163.9,47.7,4700.3,47.0
69,2985.0,146.0,407.4639774859285,721.279362101313,212.31669793621006,199.00712945590988,1.2203939962476544,26.0,271.8,102.9,1398.3,39.0
63,4088.0,111.0,469.8,784.7,269.6,200.2,1.35,21.9,187.2,61.0,1766.6,53.0
78,634.0,84.0,407.4639774859285,721.279362101313,212.31669793621006,199.00712945590988,1.2203939962476544,7.2,104.1,44.8,4229.3,56.0
81,2905.0,82.0,407.4639774859285,721.279362101313,212.31669793621006,199.00712945590988,1.2203939962476544,-10.3,110.5,35.0,1796.1,53.0
53,1926.0,174.0,703.8,954.9,302.3,401.5,0.75,22.5,160.0,55.3,0.0,50.0
52,2520.0,252.0,498.7,745.0,209.3,289.5,0.72,30.8,138.9,54.3,1163.1,62.0
51,2630.0,240.0,278.4,571.7,149.8,128.6,1.16,45.6,153.8,53.1,282.1,62.0
80,1301.0,106.0,286.9,536.1,169.7,117.3,1.45,21.5,108.5,46.7,2122.1,61.0
66,3809.0,141.0,311.4,591.3,193.4,118.0,1.64,25.1,165.8,52.4,426.3,60.0
61,9.0,168.0,536.6,855.6,339.8,196.8,1.73,30.0,181.3,64.5,336.6,60.0
75,3485.0,221.0,290.8,573.9,170.7,120.1,1.42,24.3,144.3,44.4,3541.4,56.0
51,3469.0,245.0,558.3,990.7,358.4,199.9,1.79,39.0,272.2,83.7,310.3,50.0
65,556.0,177.0,349.6,536.7,179.4,170.1,1.05,14.9,65.3,27.2,362.2,64.0
70,2250.0,174.0,321.1,541.4,181.9,139.2,1.31,13.9,113.2,45.6,4413.3,50.0
78,1058.0,155.0,494.8,770.2,341.5,153.3,2.23,19.3,146.2,52.0,13452.5,49.0
61,2180.0,127.0,557.3,896.3,271.8,285.5,0.95,18.6,172.2,57.7,2377.0,63.0
78,2062.0,71.0,206.8,494.6,117.1,89.6,1.31,0.6,88.2,32.4,2836.1,63.0
86,2083.0,72.0,187.3,510.6,78.1,109.2,0.72,19.0,138.9,42.7,3075.6,52.0
80,262.0,81.0,559.6,839.0,287.2,272.3,1.05,-6.5,167.3,74.5,12449.3,35.0
59,1561.0,180.0,412.6,720.8,251.9,160.7,1.57,23.7,212.0,63.4,8119.9,63.0
68,4196.0,165.0,400.8,612.5,121.5,279.4,0.43,7.6,82.5,32.2,467.7,55.0
73,3925.0,162.0,447.2,778.8,292.3,154.9,1.89,31.6,206.0,65.2,1636.4,53.0
52,4690.0,245.0,268.8,615.1,154.5,114.3,1.35,42.8,215.7,72.3,214.6,59.0
57,3688.0,108.0,841.2,1332.7,643.2,198.0,3.25,14.0,52.6,15.7,4782.0,47.0
66,3410.0,133.0,513.0,842.4,241.1,271.9,0.89,17.7,121.3,36.3,0.0,44.0
65,3436.0,178.0,311.0,557.0,112.7,198.3,0.57,32.3,124.0,45.5,2989.9,64.0
74,3375.0,137.0,391.1,682.4,148.5,242.7,0.61,19.6,129.1,50.4,199.9,56.0
58,4848.0,100.0,414.1,570.0,123.2,290.9,0.42,19.7,106.6,44.4,68.8,66.0
55,4144.0,185.0,280.1,489.5,111.0,169.1,0.66,30.4,128.0,51.6,949.9,58.0
64,2901.0,143.0,391.6,726.4,242.2,149.4,1.62,22.3,174.6,53.7,7549.1,66.0
87,2316.0,112.0,396.8,716.0,215.7,181.1,1.19,-10.2,135.6,44.1,4742.5,49.0
55,4227.0,167.0,407.4639774859285,721.279362101313,212.31669793621006,199.00712945590988,1.2203939962476544,28.7,200.3,61.6,0.0,59.0
62,4736.0,166.0,560.2,920.2,262.6,297.6,0.88,18.6,180.2,68.2,1785.5,59.0
56,2709.0,143.0,349.0,573.0,93.0,256.1,0.36,26.3,118.6,41.0,0.0,67.0
52,3022.0,198.0,150.8,475.3,39.0,111.7,0.35,35.0,166.5,55.8,0.0,58.0
77,2029.0,294.0,294.2,574.4,133.1,161.1,0.83,-6.6,133.4,57.4,13731.4,61.0
77,3012.0,79.0,211.1,599.7,137.0,74.1,1.85,33.7,164.3,49.1,4847.4,55.0
73,4295.0,219.0,581.9,854.6,283.9,298.1,0.95,13.1,134.9,49.5,10160.7,57.0
74,4121.0,100.0,321.6,563.4,124.6,196.9,0.63,9.6,100.4,52.223938223938255,1318.2,62.0
71,4725.0,257.0,167.9,367.5,50.2,117.7,0.43,14.4,95.9,35.2,2056.6,63.0
57,3619.0,175.0,450.6,792.7,246.3,204.4,1.2,31.0,192.4,77.6,763.5,58.0
45,3810.0,236.0,102.5,368.7,28.1,74.3,0.38,52.3,138.8,47.9,5.7,63.0
63,3154.0,179.0,255.4,556.0,133.4,122.0,1.09,36.0,176.1,59.0,231.9,60.0
58,629.0,117.0,545.1,976.0,295.2,249.9,1.18,15.9,273.4,117.7,110.7,57.0
65,3424.0,138.0,873.6,1227.2,506.6,367.0,1.38,11.8,244.1,81.8,2840.8,51.0
56,3166.0,185.0,415.7,676.5,207.5,208.2,1.0,39.9,187.1,62.7,870.0,66.0
64,2532.0,106.0,407.4639774859285,721.279362101313,212.31669793621006,199.00712945590988,1.2203939962476544,11.8,128.3,55.2,263.0,56.0
59,4394.0,69.0,425.7,691.5,191.8,233.9,0.82,19.7,148.5,43.2,3481.1,57.0
55,4572.0,193.0,87.1,353.2,49.6,37.5,1.32,32.9,121.6,39.6,0.0,57.0
70,4067.0,185.0,460.4,739.4,316.6,143.8,2.2,36.0,189.2,69.4,795.5,51.0
62,2570.0,136.0,449.2,727.7,300.3,148.9,2.02,16.3,186.3,62.5,7648.5,49.0
52,3552.0,110.0,204.3,475.1,70.7,133.6,0.53,14.3,119.5,42.5,24.3,65.0
52,413.0,181.0,260.2,556.2,158.7,101.4,1.57,42.6,204.1,61.0,11.0,58.0
72,4441.0,95.0,402.9,682.0,199.2,203.7,0.98,31.8,183.4,56.4,0.0,64.0
66,3025.0,124.0,277.7,487.3,128.1,149.6,0.86,26.6,115.7,41.2,1142.7,63.0
51,3047.0,211.0,147.4,404.5,37.4,110.1,0.34,34.6,111.7,36.4,0.0,59.0
55,1846.0,219.0,243.1,539.7,66.5,176.6,0.38,35.4,129.1,50.4,0.0,70.0
57,2705.0,143.0,121.0,415.1,29.5,91.5,0.32,33.3,83.5,32.6,0.0,55.0
58,2204.0,198.0,434.8,790.9,246.8,187.9,1.31,38.8,204.5,57.9,195.4,57.0
63,3373.0,122.0,427.2,675.1,167.0,260.2,0.64,24.3,126.3,42.3,977.5,47.0
64,3864.0,180.0,500.0,810.9,256.4,243.6,1.05,13.3,193.1,59.4,6369.0,63.0
62,955.0,177.0,654.1,928.4,216.1,438.0,0.49,22.1,167.2,59.5,70.4,51.0
51,886.0,151.0,534.1,865.1,294.0,240.1,1.22,11.1,128.8,41.9,0.0,44.0
55,2723.0,195.0,409.6,632.0,217.9,191.7,1.14,27.1,127.1,49.6,442.8,50.0
62,1133.0,144.0,354.3,570.5,118.9,235.4,0.5,15.0,126.2,52.6,11247.4,65.0
55,1913.0,164.0,500.7,782.9,216.3,284.4,0.76,35.8,189.7,61.8,394.5,50.0
82,3030.0,117.0,272.8,528.3,164.6,108.3,1.52,38.8,160.0,64.5,1993.4,58.0
70,3395.0,89.0,284.0,533.5,158.7,125.4,1.27,19.9,121.3,39.5,5330.5,60.0
48,2773.0,146.0,256.8,594.5,134.9,121.9,1.11,31.2,200.9,63.6,383.0,69.0
64,375.0,102.0,121.8,398.6,52.6,69.2,0.76,-11.5,61.3,24.7,1960.9,53.0
56,2125.0,199.0,747.2,1144.1,346.7,400.5,0.87,11.8,174.4,66.0,5817.1,54.0
64,3105.0,119.0,369.4,676.9,169.3,200.1,0.85,27.4,162.7,56.2,6034.6,67.0
66,3489.0,173.0,292.6,561.8,170.7,121.9,1.4,26.8,158.3,50.1,9578.7,68.0
68,3758.0,105.0,347.6,598.9,119.4,228.2,0.52,15.5,138.7,46.5,1920.2,44.0
55,4012.0,130.0,619.5,1032.7,312.7,306.8,1.02,32.6,252.7,73.5,5380.4,39.0
66,2354.0,113.0,751.4,1186.4,394.6,356.8,1.11,14.4,141.9,42.4,444.8,51.0
70,3960.0,135.0,578.3,814.2,192.0,386.3,0.5,9.7,160.6,50.8,6590.2,53.0
75,3221.0,166.0,546.2,917.8,266.4,279.7,0.95,16.5,228.2,70.2,8972.6,61.0
66,3073.0,169.0,400.7,636.9,170.2,230.5,0.74,26.6,136.8,57.0,4721.9,52.0
81,1838.0,112.0,320.0,635.1,169.6,150.4,1.13,25.3,168.3,50.3,1576.4,56.0
51,3537.0,168.0,265.4,590.0,108.6,156.7,0.69,42.2,189.3,65.4,2637.7,59.0
62,2691.0,98.0,919.3,1452.4,564.2,355.0,1.59,-16.7,102.7,40.1,817.9,10.0
50,2436.0,216.0,366.5,652.6,228.0,138.5,1.65,36.4,187.5,56.1,1381.3,56.0
53,631.0,199.0,354.4,637.6,98.2,256.2,0.38,28.6,153.6,56.4,64.7,59.0
64,1803.0,231.0,245.8,434.4,78.5,167.3,0.47,36.7,98.6,47.0,0.0,65.0
57,2004.0,162.0,578.9,886.3,247.1,331.8,0.74,35.7,210.2,57.9,0.0,56.0
52,3188.0,161.0,150.0,347.9,49.2,100.9,0.49,39.5,117.7,54.2,0.0,71.0
72,1270.0,66.0,351.6,696.4,198.1,153.5,1.29,19.0,188.9,58.1,6850.4,50.0
78,2579.0,110.0,428.8,706.6,320.6,108.2,2.96,-14.6,102.2,32.3,461.1,56.0
74,3637.0,149.0,410.2,767.1,234.1,176.0,1.33,30.6,185.9,51.2,5166.4,61.0
62,2903.0,148.0,525.3,888.2,304.9,220.4,1.38,30.6,208.8,60.7,918.2,64.0
56,3238.0,231.0,162.0,387.8,71.2,90.8,0.78,18.3,102.4,38.8,815.6,54.0
70,2713.0,164.0,107.9,405.4,48.2,59.7,0.81,32.8,95.6,32.1,5425.5,59.0
69,217.0,150.0,487.5,742.9,297.7,189.8,1.57,24.9,143.2,45.3,103.8,45.0
77,3118.0,98.0,215.8,474.7,72.4,143.5,0.5,5.4,60.8,20.4,3345.3,51.0
58,3359.0,99.0,123.6,467.8,70.3,53.3,1.32,15.3,150.6,50.5,1229.4,45.0
69,3303.0,136.0,586.8,878.1,329.4,257.4,1.28,13.8,228.5,78.9,316.6,52.0
57,1816.0,140.0,144.8,403.2,47.2,97.6,0.48,33.2,111.1,39.5,0.0,68.0
54,933.0,184.0,594.9,906.7,306.0,288.9,1.06,27.5,166.3,74.1,261.0,60.0
67,1554.0,105.0,307.4,625.2,193.7,113.7,1.7,25.0,182.0,66.8,1224.9,52.0
65,1480.0,168.0,86.4,505.7,59.6,26.8,2.22,25.3,117.7,32.4,288.7,56.0
78,3268.0,160.0,217.5,477.1,97.3,120.2,0.81,30.2,91.5,35.7,4284.4,59.0
78,2192.0,172.0,400.7,770.9,213.6,187.0,1.14,40.3,202.5,60.5,3539.6,61.0
53,2639.0,190.0,199.5,425.4,63.5,136.0,0.47,20.6,110.0,41.6,407.9,63.0
73,2841.0,203.0,429.9,692.3,172.0,258.0,0.67,15.3,135.4,52.9,2416.7,57.0
56,2207.0,157.0,452.0,778.9,248.0,204.0,1.22,32.3,190.9,54.0,1614.0,16.0
74,1965.0,108.0,135.9,371.3,55.8,80.1,0.7,15.4,69.1,29.7,187.5,53.0
73,1931.0,103.0,415.7,593.7,186.7,229.0,0.82,2.2,72.3,35.7,610.6,55.0
52,845.0,244.0,250.7,580.6,151.5,99.1,1.53,46.0,191.0,62.2,2950.5,61.0
81,2804.0,75.0,87.3,447.6,24.5,62.8,0.39,28.8,99.9,40.3,818.9,59.0
58,1665.0,293.0,556.4,981.9,252.7,303.7,0.83,9.8,253.4,82.5,0.0,52.0
64,1051.0,178.0,421.0,739.5,260.5,160.5,1.62,34.9,163.0,46.1,3.1,57.0
63,526.0,192.0,313.9,505.6,128.5,185.4,0.69,27.2,94.6,39.4,372.7,59.0
72,488.0,202.0,639.5,909.7,337.1,302.4,1.11,22.7,170.9,60.8,8217.6,50.0
55,116.0,139.0,216.3,627.6,122.1,94.2,1.3,26.1,194.4,50.8,1197.4,67.0
54,1315.0,142.0,335.3,670.3,112.9,222.4,0.51,14.0,160.1,52.1,11.9,57.0
50,859.0,133.0,436.3,841.8,217.6,218.7,1.0,18.9,149.0,48.5,551.7,63.0
61,1982.0,144.0,328.2,533.3,93.1,235.1,0.4,29.1,97.8,40.7,67.4,58.0
54,762.0,211.0,155.7,520.4,51.0,104.8,0.49,43.5,167.5,50.1,46.3,65.0
65,1165.0,140.0,169.9,354.1,75.6,94.3,0.8,10.3,93.2,38.8,3039.1,59.0
71,509.0,151.0,79.0,325.9,36.9,42.1,0.88,4.2,90.5,33.2,2507.4,55.0
53,2083.0,210.0,279.1,627.7,279.1,205.5,1.36,33.5,123.6,44.0,0.0,57.0
66,2331.0,210.0,315.8,570.3,84.9,230.9,0.37,37.0,109.7,45.7,0.0,64.0
91,769.0,69.0,163.0,439.1,70.1,92.9,0.76,11.1,124.8,52.223938223938255,12380.3,62.0
74,657.0,104.0,584.6,815.8,269.5,315.0,0.86,3.5,104.3,52.223938223938255,1224.9,34.0
77,3048.0,124.0,438.9,730.4,314.7,124.2,2.53,42.5,176.2,52.223938223938255,1756.1,-21.0
77,19.0,101.0,378.0,743.6,213.4,164.6,1.3,10.1,165.4,52.223938223938255,5814.5,52.0
53,579.0,263.0,81.6,467.2,40.4,41.2,0.98,45.7,162.5,57.8,11.4,67.0
67,3449.0,165.0,708.5,1204.0,580.5,128.0,4.53,12.0,212.0,52.223938223938255,1599.0,55.0
60,2329.0,104.0,54.4,437.6,18.9,35.5,0.53,15.3,84.3,52.223938223938255,635.4,54.0
61,1585.0,85.0,407.4639774859285,721.279362101313,212.31669793621006,199.00712945590988,1.2203939962476544,24.7,214.6,71.9,2955.3,57.0
70,2290.0,85.0,391.8,739.2,154.3,237.5,0.65,2.7,151.2,65.1,4148.8,48.0
75,3233.0,192.0,510.0,736.6,235.3,274.7,0.86,20.1,127.0,51.2,4604.2,67.0
74,3594.0,240.0,255.1,464.8,124.7,130.4,0.96,15.4,121.3,45.9,4148.8,59.0
59,127.0,180.0,505.1,1078.3,409.2,96.0,4.26,19.9,178.9,52.223938223938255,3478.2,53.0
79,2680.0,168.0,144.0,404.1,56.7,87.3,0.65,26.2,100.7,35.8,2691.7,59.0
78,368.0,118.0,137.1,574.9,83.6,53.5,1.56,26.5,108.4,52.223938223938255,3759.6,51.0
67,963.0,140.0,346.6,694.7,258.2,88.3,2.92,12.4,106.5,40.3,3458.9,42.0
59,1818.0,113.0,308.8,546.7,139.9,168.9,0.83,29.6,93.3,31.3,7.3,51.0
87,87.0,69.0,357.6,633.6,168.1,189.5,0.89,-10.6,70.5,24.4,9130.7,43.0
66,930.0,113.0,134.1,421.1,74.9,59.2,1.27,5.8,124.8,50.3,4577.3,46.0
68,1617.0,131.0,441.4,742.7,291.3,150.1,1.94,33.6,159.1,60.2,272.9,42.0
60,847.0,159.0,662.4,915.7,317.5,344.9,0.92,19.8,145.1,47.2,183.7,54.0
67,379.0,89.0,208.9,543.1,126.3,82.6,1.53,-3.4,138.3,46.4,4523.6,54.0
60,651.0,184.0,147.2,359.6,34.2,113.0,0.3,29.1,92.0,37.1,10.8,56.0
68,3081.0,94.0,175.5,467.8,65.7,109.8,0.6,24.6,111.4,40.9,4530.5,52.0
66,171.0,98.0,137.5,572.4,68.1,69.4,0.98,16.8,107.1,35.9,5267.1,55.0
50,2204.0,212.0,794.0,1100.2,268.5,525.5,0.51,21.0,172.0,63.1,187.4,53.0
61,2747.0,219.0,513.1,730.0,153.7,359.4,0.43,17.2,126.8,51.1,0.0,50.0
50,2653.0,145.0,438.4,755.2,262.9,175.5,1.5,37.8,189.8,50.9,498.5,55.0
61,2535.0,109.0,671.7,994.2,278.0,393.7,0.71,14.7,201.0,63.6,9353.2,58.0
50,2359.0,115.0,421.8,750.6,258.3,163.5,1.58,12.6,187.0,64.6,802.5,58.0
86,1857.0,109.0,392.9,691.1,153.1,239.8,0.64,5.4,152.1,52.5,11118.3,57.0
56,111.0,132.0,336.1,729.6,196.4,139.7,1.41,32.4,139.4,51.1,726.4,25.0
63,1156.0,132.0,256.8,576.9,136.9,119.9,1.14,29.7,154.1,47.4,0.0,48.0
73,2568.0,175.0,426.9,720.3,200.1,226.8,0.88,8.1,106.9,46.0,1333.2,52.0
71,2332.0,112.0,890.8,1349.0,530.2,360.6,1.47,-1.0,87.8,52.223938223938255,2274.8,64.0
57,857.0,144.0,376.3,672.6,180.2,196.2,0.92,36.3,185.2,60.3,8.9,61.0
53,669.0,173.0,609.4,864.1,340.1,269.3,1.26,4.3,139.8,46.9,81.4,36.0
67,2679.0,129.0,880.8,1305.0,519.4,361.5,1.44,3.4,165.7,54.0,725.7,49.0
76,2443.0,119.0,285.5,640.4,168.2,117.3,1.43,22.5,131.5,38.3,198.4,45.0
64,1256.0,178.0,480.8,848.9,160.4,320.4,0.5,27.2,241.3,70.2,50.8,53.0
68,72.0,87.0,211.6,627.9,126.7,84.9,1.49,-6.2,93.4,34.3,4995.1,30.0
55,2070.0,175.0,880.6,1348.9,513.8,366.8,1.4,15.7,211.3,65.0,0.0,53.55410447761194
61,2476.0,171.0,119.7,426.8,45.4,74.3,0.61,23.1,117.7,39.4,0.0,65.0
52,9.0,91.0,722.4,983.6,406.1,316.4,1.28,24.8,168.1,70.0,2603.1,58.0
51,261.0,170.0,269.2,571.1,129.9,139.3,0.93,28.9,144.9,53.2,0.0,66.0
49,992.0,112.0,386.6,692.0,144.3,242.3,0.6,29.7,151.0,59.0,1548.3,59.0
50,2117.0,185.0,282.2,784.6,67.9,214.3,0.32,32.1,114.7,38.5,0.0,59.0
72,451.0,107.0,656.4,1161.6,203.3,453.0,0.45,-15.7,152.9,51.3,11.9,49.0
85,1172.0,110.0,183.7,484.1,111.1,72.5,1.53,14.2,92.9,47.6,166.7,52.0
64,1944.0,106.0,24.2,325.0,9.4,14.8,0.64,30.4,95.2,34.9,485.1,54.0
54,1573.0,145.0,118.2,352.8,41.7,76.5,0.55,-1.2,79.7,33.2,4282.6,39.0
81,1513.0,126.0,197.3,516.1,63.7,133.6,0.48,22.0,126.8,51.1,647.3,48.0
80,3228.0,85.0,219.4,434.9,101.4,118.0,0.86,25.8,110.1,43.0,1074.9,46.0
68,520.0,170.0,818.2,1116.7,373.0,445.2,0.84,0.5,174.2,63.9,2820.7,36.0
55,1380.0,228.0,610.9,879.7,226.0,385.0,0.59,32.2,161.3,55.7,659.9,49.0
50,1506.0,203.0,460.8,826.2,190.1,270.7,0.7,38.8,237.9,82.1,4454.2,57.0
67,241.0,161.0,370.1,627.5,80.1,290.0,0.28,24.4,118.3,42.1,440.1,53.55410447761194
50,196.0,191.0,458.5,727.4,270.0,188.5,1.43,30.6,165.2,46.8,0.0,46.0
61,810.0,202.0,830.1,1170.3,307.5,522.6,0.59,17.4,178.1,53.2,1888.8,38.0
70,2062.0,94.0,1046.9,1422.6,443.1,603.8,0.73,1.1,145.2,58.5,339.6,38.0
73,2128.0,128.0,353.9,599.8,147.2,206.7,0.71,-4.0,92.4,35.0,888.2,46.0
74,1870.0,150.93394495412844,407.4639774859285,721.279362101313,212.31669793621006,199.00712945590988,1.2203939962476544,20.5,123.9,52.223938223938255,424.8,53.0
57,1552.0,141.0,96.7,396.2,32.5,64.2,0.51,4.1,89.1,31.7,77.9,58.0
63,59.0,112.0,308.1,594.1,231.9,76.2,3.04,-1.3,155.7,53.8,5537.1,50.0
69,199.0,114.0,436.0,1191.4,379.6,56.4,6.73,1.6,103.5,41.7,1121.5,43.0
51,1006.0,130.0,164.0,451.1,71.7,92.4,0.78,27.6,138.9,48.0,412.8,55.0
71,1154.0,125.0,454.5,721.0,188.7,265.8,0.71,20.3,135.9,48.3,75.7,37.0
61,242.0,221.0,199.4,620.2,154.1,45.2,3.41,25.2,185.2,56.9,49.0,56.0
68,1200.0,107.0,562.5,883.3,386.9,175.6,2.2,20.0,187.6,57.7,1071.7,57.0
93,2061.0,159.0,283.7,620.6,118.2,165.5,0.71,9.4,105.2,37.5,4508.3,54.0
65,1926.0,112.0,901.3,1327.3,458.6,442.7,1.04,3.2,124.4,47.1,8531.6,55.0
86,2015.0,160.0,507.6,781.7,212.9,294.6,0.72,1.2,137.2,59.1,4479.5,45.0
91,585.0,277.0,191.3,466.6,97.9,93.4,1.05,4.9,100.6,38.1,7922.6,49.0
62,315.0,359.0,513.2,992.5,267.4,245.9,1.09,7.8,231.5,69.2,2139.6,31.0
80,1627.0,185.0,540.5,768.8,171.4,369.1,0.46,-17.1,59.6,24.0,10544.8,52.0
60,313.0,103.0,529.4,832.0,225.6,303.9,0.74,19.8,153.5,53.0,166.7,49.0
54,1475.0,209.0,164.8,411.3,75.4,89.4,0.84,28.9,63.0,27.1,0.0,47.0
70,350.0,169.0,509.3,942.1,418.7,90.6,4.62,9.0,178.7,59.9,21081.4,55.0
61,1659.0,141.0,973.8,1588.3,777.5,196.3,3.96,4.3,69.0,28.7,3261.3,56.0
44,1483.0,189.0,207.5,551.2,86.8,120.7,0.72,17.2,98.1,40.9,1480.6,61.0
85,168.0,119.0,407.0,642.6,208.5,198.5,1.05,5.3,152.5,49.6,5618.7,48.0
86,1662.0,245.0,501.7,734.9,371.1,130.7,2.84,2.8,137.0,48.8,447.9,49.0
74,1664.0,141.0,402.9,589.7,156.6,246.3,0.64,11.2,122.6,49.5,127.1,52.0
86,14.0,204.0,441.0,855.4,288.5,152.6,1.89,2.5,131.3,40.4,14277.7,35.0
51,418.0,220.0,988.6,1641.4,837.9,150.7,5.56,23.5,132.7,44.5,18.6,32.0
85,82.0,152.0,351.3,606.9,219.0,132.3,1.65,-18.0,132.1,53.2,10872.1,53.55410447761194
95,1044.0,87.0,391.0,764.0,252.6,138.4,1.83,34.0,98.0,31.0,277.2,49.0
71,605.0,104.0,706.0,994.0,417.9,288.1,1.45,-13.4,199.0,64.8,8375.8,54.0
82,1377.0,138.0,902.1,1231.9,566.2,336.0,1.69,-13.7,188.3,59.6,3240.3,30.0
50,481.0,103.0,55.6,399.8,24.8,30.8,0.81,21.6,144.0,43.1,117.0,54.0
23,643.0,226.0,20.1,371.3,9.4,10.7,0.87,55.1,108.3,41.0,0.0,53.55410447761194
57,695.0,224.0,462.2,755.9,177.1,285.1,0.62,43.3,191.8,68.3,660.4,60.0
55,962.0,167.0,806.5,1442.2,648.0,158.5,4.09,-15.2,92.2,34.9,545.2,61.0
49,337.0,259.0,757.4,1318.1,355.9,401.6,0.89,21.2,228.3,76.5,122.4,56.0
70,917.0,138.0,339.8,585.4,146.0,193.8,0.75,18.2,70.6,28.5,2688.1,55.0
63,757.0,118.0,457.4,930.1,148.2,309.2,0.48,8.7,99.1,38.7,0.0,43.0
42,105.0,271.0,407.4639774859285,721.279362101313,212.31669793621006,199.00712945590988,1.2203939962476544,20.82252747252746,150.8637362637363,52.223938223938255,149.4,55.0
75,583.0,137.0,406.1,705.7,210.0,196.1,1.07,7.5,82.5,24.0,9354.0,46.0
